name: DCCenv
channels:
  - conda-forge
  - defaults
dependencies:
  - altgraph=0.17.4=pyhd8ed1ab_0
  - bzip2=1.0.8=h8ffe710_4
  - ca-certificates=2023.7.22=h56e8100_0
  - et_xmlfile=1.1.0=pyhd8ed1ab_0
  - future=0.18.3=pyhd8ed1ab_0
  - libexpat=2.5.0=h63175ca_1
  - libffi=3.4.2=h8ffe710_5
  - libiconv=1.17=h8ffe710_0
  - libsqlite=3.43.2=hcfcfb64_0
  - libxml2=2.11.5=hc3477c8_1
  - libxslt=1.1.37=h6070c61_1
  - libzlib=1.2.13=hcfcfb64_5
  - lxml=4.9.3=py311h750ae06_1
  - openpyxl=3.1.2=py311ha68e1ae_1
  - openssl=3.1.3=hcfcfb64_0
  - packaging=23.2=pyhd8ed1ab_0
  - pefile=2023.2.7=pyhd8ed1ab_0
  - pip=23.2.1=pyhd8ed1ab_0
  - pyinstaller=6.0.0=py311h12e69fa_1
  - pyinstaller-hooks-contrib=2023.9=pyhd8ed1ab_0
  - python=3.11.6=h2628c8c_0_cpython
  - python_abi=3.11=4_cp311
  - pywin32=306=py311h12c1d0e_2
  - pywin32-ctypes=0.2.2=py311h1ea47a8_1
  - setuptools=68.2.2=pyhd8ed1ab_0
  - tk=8.6.13=hcfcfb64_0
  - tzdata=2023c=h71feb2d_0
  - ucrt=10.0.22621.0=h57928b3_0
  - vc=14.3=h64f974e_17
  - vc14_runtime=14.36.32532=hdcecf7f_17
  - vs2015_runtime=14.36.32532=h05e6639_17
  - wheel=0.41.2=pyhd8ed1ab_0
  - xz=5.2.6=h8d14728_0
prefix: C:\Users\DBH.DFM\Anaconda3\envs\DCCenv
